,Algorithm,Bias,Data,Date,Loss_P,Loss_YTM,N,R2_P,R2_YTM,Tenors,Theta,Time,RMSE_P,RMSE_YTM
0,Nelder-Mead,-0.1480757695923962,Train,201225,8.438695486568703,0.03039752932782964,21.0,0.8338303163886613,0.9697773433349889,"[ 2.88216184  4.67942211  0.9369339   6.59449061 29.88216184 29.63010704
  6.92325773  4.75613444  4.84106595  2.79997006  9.88216184  6.84380567
 19.88251366  1.92325773  2.96435362  4.92599745  2.71503855  9.63010704
  1.84106595  0.49583801  6.75613444]",[ 0.1207693  -0.11980558 24.50474483 -0.19313986 63.40667209],151.078125,0.6339105948140931,0.0012031215219433639
1,Nelder-Mead,0.13242665585645833,Test,201225,4.69713738925193,0.004219809326930769,6.0,0.7984731629663651,0.9718599307101069,"[ 2.88216184  4.67942211  0.9369339   6.59449061 29.88216184 29.63010704
  6.92325773  4.75613444  4.84106595  2.79997006  9.88216184  6.84380567
 19.88251366  1.92325773  2.96435362  4.92599745  2.71503855  9.63010704
  1.84106595  0.49583801  6.75613444]",[ 0.1207693  -0.11980558 24.50474483 -0.19313986 63.40667209],151.078125,0.8847916317088382,0.0008386307617112918
2,Nelder-Mead,-0.08574189727042854,Combined,201225,13.13583287582063,0.03461733865476042,27.0,0.8193571392184149,0.9687925898509967,"[ 2.88216184  4.67942211  0.9369339   6.59449061 29.88216184 29.63010704
  6.92325773  4.75613444  4.84106595  2.79997006  9.88216184  6.84380567
 19.88251366  1.92325773  2.96435362  4.92599745  2.71503855  9.63010704
  1.84106595  0.49583801  6.75613444]",[ 0.1207693  -0.11980558 24.50474483 -0.19313986 63.40667209],151.078125,0.6975043575018707,0.001132308992227835
3,Nelder-Mead,-0.17646391068988773,Train,201225,10.336334840086277,0.04083047326880388,21.0,0.798336210268705,0.9612062830818576,"[ 2.88216184  4.67942211  0.9369339   6.59449061 29.88216184 29.63010704
  6.92325773  4.75613444  4.84106595  2.79997006  9.88216184  6.84380567
 19.88251366  1.92325773  2.96435362  4.92599745  2.71503855  9.63010704
  1.84106595  0.49583801  6.75613444]",[  0.25184759  -0.25034046  39.55796299  -0.48295363 102.68489212],149.765625,0.7015742447927299,0.0013943845419737782
4,Nelder-Mead,0.129767859043857,Test,201225,5.755613946351202,0.006071848919702435,6.0,0.7518359110673897,0.9620321742296932,"[ 2.88216184  4.67942211  0.9369339   6.59449061 29.88216184 29.63010704
  6.92325773  4.75613444  4.84106595  2.79997006  9.88216184  6.84380567
 19.88251366  1.92325773  2.96435362  4.92599745  2.71503855  9.63010704
  1.84106595  0.49583801  6.75613444]",[  0.25184759  -0.25034046  39.55796299  -0.48295363 102.68489212],149.765625,0.9794227846331398,0.0010059695919611119
5,Nelder-Mead,-0.10841240630461113,Combined,201225,16.091948786437477,0.04690232218850632,27.0,0.7797405516637548,0.9598168288871012,"[ 2.88216184  4.67942211  0.9369339   6.59449061 29.88216184 29.63010704
  6.92325773  4.75613444  4.84106595  2.79997006  9.88216184  6.84380567
 19.88251366  1.92325773  2.96435362  4.92599745  2.71503855  9.63010704
  1.84106595  0.49583801  6.75613444]",[  0.25184759  -0.25034046  39.55796299  -0.48295363 102.68489212],149.765625,0.7720091341437535,0.0013179996373363508
6,Diff_evo,-0.21590482194807642,Train,201225,4.125843664949527,0.021845988481188915,21.0,0.9344561592616037,0.9824840941664631,"[ 2.88216184  4.67942211  0.9369339   6.59449061 29.88216184 29.63010704
  6.92325773  4.75613444  4.84106595  2.79997006  9.88216184  6.84380567
 19.88251366  1.92325773  2.96435362  4.92599745  2.71503855  9.63010704
  1.84106595  0.49583801  6.75613444]",[ 0.07808872 -0.07808861 17.08013248 -0.13031586 59.98797881],161.453125,0.44324795086946256,0.0010199437071578513
7,Diff_evo,-0.07096640683126765,Test,201225,2.035170854330111,0.0038210369207894116,6.0,0.9120079963849023,0.9775538644647389,"[ 2.88216184  4.67942211  0.9369339   6.59449061 29.88216184 29.63010704
  6.92325773  4.75613444  4.84106595  2.79997006  9.88216184  6.84380567
 19.88251366  1.92325773  2.96435362  4.92599745  2.71503855  9.63010704
  1.84106595  0.49583801  6.75613444]",[ 0.07808872 -0.07808861 17.08013248 -0.13031586 59.98797881],161.453125,0.5824046208507895,0.0007980222345262287
8,Diff_evo,-0.18369628525545226,Combined,201225,6.161014519279638,0.02566702540197833,27.0,0.9266958797341456,0.9808200606725171,"[ 2.88216184  4.67942211  0.9369339   6.59449061 29.88216184 29.63010704
  6.92325773  4.75613444  4.84106595  2.79997006  9.88216184  6.84380567
 19.88251366  1.92325773  2.96435362  4.92599745  2.71503855  9.63010704
  1.84106595  0.49583801  6.75613444]",[ 0.07808872 -0.07808861 17.08013248 -0.13031586 59.98797881],161.453125,0.4776878928089793,0.0009750028566335802
9,COBYLA,-0.2282217475294581,Train,201225,3.6085755864025337,0.021112302907924218,21.0,0.9476223632473425,0.9837094024837466,"[ 2.88216184  4.67942211  0.9369339   6.59449061 29.88216184 29.63010704
  6.92325773  4.75613444  4.84106595  2.79997006  9.88216184  6.84380567
 19.88251366  1.92325773  2.96435362  4.92599745  2.71503855  9.63010704
  1.84106595  0.49583801  6.75613444]","[ 1.97133518e-03 -1.97133518e-03  2.45024455e+01  6.17158561e-02
  2.70566867e+01]",3.1875,0.4145321853437136,0.0010026703134730782
10,COBYLA,-0.10620231476949253,Test,201225,1.5346440908147891,0.003653660906356445,6.0,0.9356186187794635,0.9797403534618269,"[ 2.88216184  4.67942211  0.9369339   6.59449061 29.88216184 29.63010704
  6.92325773  4.75613444  4.84106595  2.79997006  9.88216184  6.84380567
 19.88251366  1.92325773  2.96435362  4.92599745  2.71503855  9.63010704
  1.84106595  0.49583801  6.75613444]","[ 1.97133518e-03 -1.97133518e-03  2.45024455e+01  6.17158561e-02
  2.70566867e+01]",3.1875,0.5057410554184801,0.0007803483096622565
11,COBYLA,-0.20110631802724352,Combined,201225,5.143219677217322,0.024765963814280662,27.0,0.9434329295403082,0.9823037512684194,"[ 2.88216184  4.67942211  0.9369339   6.59449061 29.88216184 29.63010704
  6.92325773  4.75613444  4.84106595  2.79997006  9.88216184  6.84380567
 19.88251366  1.92325773  2.96435362  4.92599745  2.71503855  9.63010704
  1.84106595  0.49583801  6.75613444]","[ 1.97133518e-03 -1.97133518e-03  2.45024455e+01  6.17158561e-02
  2.70566867e+01]",3.1875,0.4364511629893036,0.0009577358294683519
12,PSO,-4.769983601093395,Train,201225,4974.766997684604,18.210394217572613,21.0,-92.66204602676068,-18.749496688219732,"[ 2.88216184  4.67942211  0.9369339   6.59449061 29.88216184 29.63010704
  6.92325773  4.75613444  4.84106595  2.79997006  9.88216184  6.84380567
 19.88251366  1.92325773  2.96435362  4.92599745  2.71503855  9.63010704
  1.84106595  0.49583801  6.75613444]",[ 2.95209634 -2.8890604  36.29359886 -3.8691022  37.39159052],218.328125,15.391350381185196,0.02944760821201307
13,PSO,2.1513576769691674,Test,201225,1031.3606325430605,3.989195131824613,6.0,-43.044886074493995,-25.624142962026134,"[ 2.88216184  4.67942211  0.9369339   6.59449061 29.88216184 29.63010704
  6.92325773  4.75613444  4.84106595  2.79997006  9.88216184  6.84380567
 19.88251366  1.92325773  2.96435362  4.92599745  2.71503855  9.63010704
  1.84106595  0.49583801  6.75613444]",[ 2.95209634 -2.8890604  36.29359886 -3.8691022  37.39159052],218.328125,13.11081380987377,0.025784992831181904
14,PSO,-3.231907761523937,Combined,201225,6006.127630227665,22.199589349397222,27.0,-78.92517421124958,-20.353146457306693,"[ 2.88216184  4.67942211  0.9369339   6.59449061 29.88216184 29.63010704
  6.92325773  4.75613444  4.84106595  2.79997006  9.88216184  6.84380567
 19.88251366  1.92325773  2.96435362  4.92599745  2.71503855  9.63010704
  1.84106595  0.49583801  6.75613444]",[ 2.95209634 -2.8890604  36.29359886 -3.8691022  37.39159052],218.328125,14.914730017332312,0.028674152349121636
15,Dual_annealing,-0.12662524388362936,Train,201225,6.586937897800638,0.024025196927245716,21.0,0.8698211831201422,0.9749773714804261,"[ 2.88216184  4.67942211  0.9369339   6.59449061 29.88216184 29.63010704
  6.92325773  4.75613444  4.84106595  2.79997006  9.88216184  6.84380567
 19.88251366  1.92325773  2.96435362  4.92599745  2.71503855  9.63010704
  1.84106595  0.49583801  6.75613444]","[0.00000000e+00 6.62679994e-04 3.47978754e+01 7.50756819e-02
 3.88562463e+01]",175.90625,0.5600568805211467,0.0010696060006074716
16,Dual_annealing,0.11676720315793432,Test,201225,3.4334508687652874,0.0030808184549394524,6.0,0.8529054055914665,0.9787268497504922,"[ 2.88216184  4.67942211  0.9369339   6.59449061 29.88216184 29.63010704
  6.92325773  4.75613444  4.84106595  2.79997006  9.88216184  6.84380567
 19.88251366  1.92325773  2.96435362  4.92599745  2.71503855  9.63010704
  1.84106595  0.49583801  6.75613444]","[0.00000000e+00 6.62679994e-04 3.47978754e+01 7.50756819e-02
 3.88562463e+01]",175.90625,0.7564666624914024,0.0007165680306083356
17,Dual_annealing,-0.07253803342994855,Combined,201225,10.020388766565924,0.02710601538218517,27.0,0.8620699080815247,0.9744903862393882,"[ 2.88216184  4.67942211  0.9369339   6.59449061 29.88216184 29.63010704
  6.92325773  4.75613444  4.84106595  2.79997006  9.88216184  6.84380567
 19.88251366  1.92325773  2.96435362  4.92599745  2.71503855  9.63010704
  1.84106595  0.49583801  6.75613444]","[0.00000000e+00 6.62679994e-04 3.47978754e+01 7.50756819e-02
 3.88562463e+01]",175.90625,0.609200713946407,0.0010019613244215007
18,L-BFGS-B,-0.11383842616642764,Train,201225,5.689018994063595,0.02044761626333483,21.0,0.8871780570459682,0.9778237696860264,"[ 2.88216184  4.67942211  0.9369339   6.59449061 29.88216184 29.63010704
  6.92325773  4.75613444  4.84106595  2.79997006  9.88216184  6.84380567
 19.88251366  1.92325773  2.96435362  4.92599745  2.71503855  9.63010704
  1.84106595  0.49583801  6.75613444]","[0.00000000e+00 4.07153928e-04 3.35692688e+01 7.27675188e-02
 3.59548758e+01]",614.984375,0.5204859905741755,0.0009867603622662159
19,L-BFGS-B,0.11126320918326844,Test,201225,2.930285899154334,0.00260482942134306,6.0,0.8746574679335326,0.9811458093341795,"[ 2.88216184  4.67942211  0.9369339   6.59449061 29.88216184 29.63010704
  6.92325773  4.75613444  4.84106595  2.79997006  9.88216184  6.84380567
 19.88251366  1.92325773  2.96435362  4.92599745  2.71503855  9.63010704
  1.84106595  0.49583801  6.75613444]","[0.00000000e+00 4.07153928e-04 3.35692688e+01 7.27675188e-02
 3.59548758e+01]",614.984375,0.6988426025883003,0.000658891673107583
20,L-BFGS-B,-0.06381584053316185,Combined,201225,8.619304893217928,0.023052445684677892,27.0,0.8811847476534544,0.97735695860658,"[ 2.88216184  4.67942211  0.9369339   6.59449061 29.88216184 29.63010704
  6.92325773  4.75613444  4.84106595  2.79997006  9.88216184  6.84380567
 19.88251366  1.92325773  2.96435362  4.92599745  2.71503855  9.63010704
  1.84106595  0.49583801  6.75613444]","[0.00000000e+00 4.07153928e-04 3.35692688e+01 7.27675188e-02
 3.59548758e+01]",614.984375,0.5650075349618153,0.0009240098942206733
