,Algorithm,Bias,Data,Date,Loss_P,Loss_YTM,N,R2_P,R2_YTM,RMSE_P,RMSE_P_L,RMSE_P_M,RMSE_P_S,RMSE_YTM,RMSE_YTM_L,RMSE_YTM_M,RMSE_YTM_S,Tenors,Theta,Time
0,Nelder-Mead,-0.003255986824915643,Train,190104,0.056568205324149516,0.061847454699419685,36.0,0.9563638767853853,0.4217725389042414,0.3592323742431797,0.37066101002399054,0.3860549012009862,0.3118723441835836,0.0013107192120212694,0.0005367321033437365,0.0006516930805981613,0.002011997777596448,"[ 9.86336552  0.14520548  4.74246575  2.61369863  6.82191781  6.40821918
  1.90434913  9.6119994  29.12292836  4.40273973 29.61746388  6.7369863
  6.9890411  29.36063328  6.31780822  0.47671233  4.82191781  1.8278464
 29.86609776  6.66027397  6.15068493  4.48493151  9.36063328  0.91780822
  6.48493151  9.11473164  2.69589041  6.90684932  2.77808219  2.94520548
  1.73768246  0.49863014  1.98904858  4.32054795  6.56986301  0.99451306]",[ 3.50620315e-03  2.37090126e-02  1.11504654e+01 -4.73287482e-01],290.328125
1,Nelder-Mead,0.013883740136133978,Test,190104,0.03000739308555779,0.02073066386580692,9.0,0.8145519863361863,-0.4696754315554974,0.3671886458119691,,0.4465553786212441,0.07522693991222604,0.0015176979594770392,,0.0009519076174464442,0.002257867370838503,"[ 9.86336552  0.14520548  4.74246575  2.61369863  6.82191781  6.40821918
  1.90434913  9.6119994  29.12292836  4.40273973 29.61746388  6.7369863
  6.9890411  29.36063328  6.31780822  0.47671233  4.82191781  1.8278464
 29.86609776  6.66027397  6.15068493  4.48493151  9.36063328  0.91780822
  6.48493151  9.11473164  2.69589041  6.90684932  2.77808219  2.94520548
  1.73768246  0.49863014  1.98904858  4.32054795  6.56986301  0.99451306]",[ 3.50620315e-03  2.37090126e-02  1.11504654e+01 -4.73287482e-01],290.328125
2,Nelder-Mead,0.00017195856729428113,Combined,190104,0.047819604422867465,0.0825781185652266,45.0,0.9492458310411682,0.3517305629387366,0.3608376633420618,0.37066101002399054,0.40140750292629745,0.2829988897207682,0.0013546472978046647,0.0005367321033437365,0.0007350140740858315,0.0020603344833815987,"[ 9.86336552  0.14520548  4.74246575  2.61369863  6.82191781  6.40821918
  1.90434913  9.6119994  29.12292836  4.40273973 29.61746388  6.7369863
  6.9890411  29.36063328  6.31780822  0.47671233  4.82191781  1.8278464
 29.86609776  6.66027397  6.15068493  4.48493151  9.36063328  0.91780822
  6.48493151  9.11473164  2.69589041  6.90684932  2.77808219  2.94520548
  1.73768246  0.49863014  1.98904858  4.32054795  6.56986301  0.99451306]",[ 3.50620315e-03  2.37090126e-02  1.11504654e+01 -4.73287482e-01],290.328125
3,Diff_evo,-0.0006708074964261673,Train,190104,0.05617701423595069,0.06855878771521441,36.0,0.9578720628243745,0.3620773532249507,0.3529558876073254,0.36516071397384736,0.3771072955851443,0.310018012637163,0.0013800039021202323,0.00046312362361343673,0.0006328313682767572,0.002149987808183562,"[ 9.86336552  0.14520548  4.74246575  2.61369863  6.82191781  6.40821918
  1.90434913  9.6119994  29.12292836  4.40273973 29.61746388  6.7369863
  6.9890411  29.36063328  6.31780822  0.47671233  4.82191781  1.8278464
 29.86609776  6.66027397  6.15068493  4.48493151  9.36063328  0.91780822
  6.48493151  9.11473164  2.69589041  6.90684932  2.77808219  2.94520548
  1.73768246  0.49863014  1.98904858  4.32054795  6.56986301  0.99451306]",[ 2.17402150e-03  2.55224278e-02  1.00936566e+01 -4.72427606e-01],254.453125
4,Diff_evo,0.034478587557877124,Test,190104,0.031863069480124295,0.025638375137499027,9.0,0.8109843619085383,-0.838725314721749,0.37203978524982234,,0.45167538776520805,0.08496760324088018,0.0016878117041337884,,0.0009618308837746949,0.002587641348384159,"[ 9.86336552  0.14520548  4.74246575  2.61369863  6.82191781  6.40821918
  1.90434913  9.6119994  29.12292836  4.40273973 29.61746388  6.7369863
  6.9890411  29.36063328  6.31780822  0.47671233  4.82191781  1.8278464
 29.86609776  6.66027397  6.15068493  4.48493151  9.36063328  0.91780822
  6.48493151  9.11473164  2.69589041  6.90684932  2.77808219  2.94520548
  1.73768246  0.49863014  1.98904858  4.32054795  6.56986301  0.99451306]",[ 2.17402150e-03  2.55224278e-02  1.00936566e+01 -4.72427606e-01],254.453125
5,Diff_evo,0.0063590715144344915,Combined,190104,0.04816848659403309,0.09419716285271346,45.0,0.9503759633947946,0.2629957398231352,0.35685432215273327,0.36516071397384736,0.3962853654004595,0.2818580834031274,0.001446813839308933,0.00046312362361343673,0.0007255273162803035,0.002238574905534149,"[ 9.86336552  0.14520548  4.74246575  2.61369863  6.82191781  6.40821918
  1.90434913  9.6119994  29.12292836  4.40273973 29.61746388  6.7369863
  6.9890411  29.36063328  6.31780822  0.47671233  4.82191781  1.8278464
 29.86609776  6.66027397  6.15068493  4.48493151  9.36063328  0.91780822
  6.48493151  9.11473164  2.69589041  6.90684932  2.77808219  2.94520548
  1.73768246  0.49863014  1.98904858  4.32054795  6.56986301  0.99451306]",[ 2.17402150e-03  2.55224278e-02  1.00936566e+01 -4.72427606e-01],254.453125
6,COBYLA,-0.05656057886833131,Train,190104,0.06063257253804606,0.06736343876246195,36.0,0.9463902692362044,0.36491795553680006,0.402156139925608,0.6797575921497963,0.3686508571899811,0.32720459603960594,0.0013679205504306927,0.0007143030188421493,0.0006191457165389753,0.002112946113181077,"[ 9.86336552  0.14520548  4.74246575  2.61369863  6.82191781  6.40821918
  1.90434913  9.6119994  29.12292836  4.40273973 29.61746388  6.7369863
  6.9890411  29.36063328  6.31780822  0.47671233  4.82191781  1.8278464
 29.86609776  6.66027397  6.15068493  4.48493151  9.36063328  0.91780822
  6.48493151  9.11473164  2.69589041  6.90684932  2.77808219  2.94520548
  1.73768246  0.49863014  1.98904858  4.32054795  6.56986301  0.99451306]",[ 1.59751405e-03  2.58890898e-02  9.63709868e+00 -4.71207701e-01],328.03125
7,COBYLA,0.07071549040551714,Test,190104,0.03201834577389692,0.02314011696182645,9.0,0.8104310386128164,-0.7348782846970414,0.37766019193115313,,0.4596126589044489,0.07344432760936452,0.0016034725151587742,,0.0009811815587508579,0.0024058133381755307,"[ 9.86336552  0.14520548  4.74246575  2.61369863  6.82191781  6.40821918
  1.90434913  9.6119994  29.12292836  4.40273973 29.61746388  6.7369863
  6.9890411  29.36063328  6.31780822  0.47671233  4.82191781  1.8278464
 29.86609776  6.66027397  6.15068493  4.48493151  9.36063328  0.91780822
  6.48493151  9.11473164  2.69589041  6.90684932  2.77808219  2.94520548
  1.73768246  0.49863014  1.98904858  4.32054795  6.56986301  0.99451306]",[ 1.59751405e-03  2.58890898e-02  9.63709868e+00 -4.71207701e-01],328.03125
8,COBYLA,-0.03110536501356162,Combined,190104,0.051207617916568075,0.0905035557242884,45.0,0.9388233021767023,0.27855196539982463,0.3973777709155197,0.6797575921497963,0.39240939912201656,0.2966478581033324,0.001418164351267655,0.0007143030188421493,0.0007227666416004336,0.002170870362005196,"[ 9.86336552  0.14520548  4.74246575  2.61369863  6.82191781  6.40821918
  1.90434913  9.6119994  29.12292836  4.40273973 29.61746388  6.7369863
  6.9890411  29.36063328  6.31780822  0.47671233  4.82191781  1.8278464
 29.86609776  6.66027397  6.15068493  4.48493151  9.36063328  0.91780822
  6.48493151  9.11473164  2.69589041  6.90684932  2.77808219  2.94520548
  1.73768246  0.49863014  1.98904858  4.32054795  6.56986301  0.99451306]",[ 1.59751405e-03  2.58890898e-02  9.63709868e+00 -4.71207701e-01],328.03125
9,Dual_annealing,-0.0006611145999590759,Train,190104,0.0561769396434641,0.0684649975045775,36.0,0.957854702070594,0.3629116253927245,0.3530285874209699,0.36522315017843876,0.3772207332649101,0.3100229097134562,0.0013790596383906912,0.00046434965891949034,0.0006330333723985787,0.0021481409014234196,"[ 9.86336552  0.14520548  4.74246575  2.61369863  6.82191781  6.40821918
  1.90434913  9.6119994  29.12292836  4.40273973 29.61746388  6.7369863
  6.9890411  29.36063328  6.31780822  0.47671233  4.82191781  1.8278464
 29.86609776  6.66027397  6.15068493  4.48493151  9.36063328  0.91780822
  6.48493151  9.11473164  2.69589041  6.90684932  2.77808219  2.94520548
  1.73768246  0.49863014  1.98904858  4.32054795  6.56986301  0.99451306]",[ 2.19152096e-03  2.54988097e-02  1.01060979e+01 -4.72439868e-01],201.9375
10,Dual_annealing,0.03422453633877057,Test,190104,0.03183771502932102,0.025572329727681174,9.0,0.8110283970464957,-0.8337454407536349,0.37197335698726464,,0.4516038986510287,0.08485500793416925,0.001685636369369845,,0.0009616787708650125,0.0025834972019652303,"[ 9.86336552  0.14520548  4.74246575  2.61369863  6.82191781  6.40821918
  1.90434913  9.6119994  29.12292836  4.40273973 29.61746388  6.7369863
  6.9890411  29.36063328  6.31780822  0.47671233  4.82191781  1.8278464
 29.86609776  6.66027397  6.15068493  4.48493151  9.36063328  0.91780822
  6.48493151  9.11473164  2.69589041  6.90684932  2.77808219  2.94520548
  1.73768246  0.49863014  1.98904858  4.32054795  6.56986301  0.99451306]",[ 2.19152096e-03  2.54988097e-02  1.01060979e+01 -4.72439868e-01],201.9375
11,Dual_annealing,0.006316015587786852,Combined,190104,0.04816008532127533,0.09403732723225866,45.0,0.9503635983748725,0.2642167574282581,0.35689800012164724,0.36522315017843876,0.39634785924257315,0.28185609983510373,0.0014455858269017032,0.00046434965891949034,0.0007256128474835788,0.002236235602224101,"[ 9.86336552  0.14520548  4.74246575  2.61369863  6.82191781  6.40821918
  1.90434913  9.6119994  29.12292836  4.40273973 29.61746388  6.7369863
  6.9890411  29.36063328  6.31780822  0.47671233  4.82191781  1.8278464
 29.86609776  6.66027397  6.15068493  4.48493151  9.36063328  0.91780822
  6.48493151  9.11473164  2.69589041  6.90684932  2.77808219  2.94520548
  1.73768246  0.49863014  1.98904858  4.32054795  6.56986301  0.99451306]",[ 2.19152096e-03  2.54988097e-02  1.01060979e+01 -4.72439868e-01],201.9375
12,L-BFGS-B,-0.0006435240198262212,Train,190104,0.0561769396664407,0.06846130877490327,36.0,0.9578539895942053,0.3629421825156869,0.35303153891118766,0.3652242973941991,0.3772258353648452,0.31002272778723644,0.0013790224876792585,0.0004643385739173955,0.0006330401690367395,0.0021480726651748054,"[ 9.86336552  0.14520548  4.74246575  2.61369863  6.82191781  6.40821918
  1.90434913  9.6119994  29.12292836  4.40273973 29.61746388  6.7369863
  6.9890411  29.36063328  6.31780822  0.47671233  4.82191781  1.8278464
 29.86609776  6.66027397  6.15068493  4.48493151  9.36063328  0.91780822
  6.48493151  9.11473164  2.69589041  6.90684932  2.77808219  2.94520548
  1.73768246  0.49863014  1.98904858  4.32054795  6.56986301  0.99451306]",[ 2.19213038e-03  2.54979745e-02  1.01066027e+01 -4.72440375e-01],170.390625
13,L-BFGS-B,0.03421662525940721,Test,190104,0.03183686608495604,0.02556993020663433,9.0,0.811029465037014,-0.8335668964072405,0.37197158696164,,0.45160207258300983,0.08485116733282178,0.0016855572835987223,,0.0009616743184856059,0.0025833457142257596,"[ 9.86336552  0.14520548  4.74246575  2.61369863  6.82191781  6.40821918
  1.90434913  9.6119994  29.12292836  4.40273973 29.61746388  6.7369863
  6.9890411  29.36063328  6.31780822  0.47671233  4.82191781  1.8278464
 29.86609776  6.66027397  6.15068493  4.48493151  9.36063328  0.91780822
  6.48493151  9.11473164  2.69589041  6.90684932  2.77808219  2.94520548
  1.73768246  0.49863014  1.98904858  4.32054795  6.56986301  0.99451306]",[ 2.19213038e-03  2.54979745e-02  1.01066027e+01 -4.72440375e-01],170.390625
14,L-BFGS-B,0.006328505836020465,Combined,190104,0.048159805711370865,0.09403123898153759,45.0,0.9503631127354979,0.2642607234262607,0.3568999667612107,0.3652242973941991,0.3963510503699981,0.28185572045746354,0.0014455390304238115,0.0004643385739173955,0.0007256159376881337,0.0022361495297574478,"[ 9.86336552  0.14520548  4.74246575  2.61369863  6.82191781  6.40821918
  1.90434913  9.6119994  29.12292836  4.40273973 29.61746388  6.7369863
  6.9890411  29.36063328  6.31780822  0.47671233  4.82191781  1.8278464
 29.86609776  6.66027397  6.15068493  4.48493151  9.36063328  0.91780822
  6.48493151  9.11473164  2.69589041  6.90684932  2.77808219  2.94520548
  1.73768246  0.49863014  1.98904858  4.32054795  6.56986301  0.99451306]",[ 2.19213038e-03  2.54979745e-02  1.01066027e+01 -4.72440375e-01],170.390625
