,Algorithm,Bias,Data,Date,Loss_P,Loss_YTM,N,R2_P,R2_YTM,RMSE_P,RMSE_YTM,Tenors,Theta,Time
0,Nelder-Mead,-0.1719188646194666,Train,190104,14.042899898845763,0.2151809137748141,36.0,0.8548069249230601,-0.543351449964246,0.6245642903222338,0.0024448410183191766,"[ 2.69589041  6.9890411   2.8630137   4.99451306  4.48493151  4.56986301
  1.90434913  4.65479452  4.32054795  2.61369863  4.40273973  2.77808219
  1.73768246  6.40821918  0.49863014  0.99451306  1.8278464   6.0739726
  9.11473164  9.6119994   0.47671233  4.90410959  4.82191781 29.61746388
 29.12292836  6.56986301  1.98904858  0.14520548  6.31780822  6.7369863
 29.86609776  2.94520548  6.66027397  4.74246575  0.43835616  6.82191781]",[ 0.1058614  -0.07561809 23.708961   -0.55118682],1.375
1,Nelder-Mead,0.02742064064100526,Test,190104,3.5218378443354705,0.06146594182077968,9.0,0.8629654064330057,-1.4499382097686837,0.625552009058619,0.0026133405999214385,"[ 2.69589041  6.9890411   2.8630137   4.99451306  4.48493151  4.56986301
  1.90434913  4.65479452  4.32054795  2.61369863  4.40273973  2.77808219
  1.73768246  6.40821918  0.49863014  0.99451306  1.8278464   6.0739726
  9.11473164  9.6119994   0.47671233  4.90410959  4.82191781 29.61746388
 29.12292836  6.56986301  1.98904858  0.14520548  6.31780822  6.7369863
 29.86609776  2.94520548  6.66027397  4.74246575  0.43835616  6.82191781]",[ 0.1058614  -0.07561809 23.708961   -0.55118682],1.375
2,Nelder-Mead,-0.13205096356737223,Combined,190104,17.564737743181233,0.27664685559559393,45.0,0.8546453635332099,-0.6988673819923374,0.6247619589924048,0.00247945717892532,"[ 2.69589041  6.9890411   2.8630137   4.99451306  4.48493151  4.56986301
  1.90434913  4.65479452  4.32054795  2.61369863  4.40273973  2.77808219
  1.73768246  6.40821918  0.49863014  0.99451306  1.8278464   6.0739726
  9.11473164  9.6119994   0.47671233  4.90410959  4.82191781 29.61746388
 29.12292836  6.56986301  1.98904858  0.14520548  6.31780822  6.7369863
 29.86609776  2.94520548  6.66027397  4.74246575  0.43835616  6.82191781]",[ 0.1058614  -0.07561809 23.708961   -0.55118682],1.375
3,Diff_evo,-0.6478706637822529,Train,190104,102.55013034395971,0.12382819826862364,36.0,0.02182415692259032,0.02094713357373812,1.687783970707347,0.0018546353210613761,"[ 2.69589041  6.9890411   2.8630137   4.99451306  4.48493151  4.56986301
  1.90434913  4.65479452  4.32054795  2.61369863  4.40273973  2.77808219
  1.73768246  6.40821918  0.49863014  0.99451306  1.8278464   6.0739726
  9.11473164  9.6119994   0.47671233  4.90410959  4.82191781 29.61746388
 29.12292836  6.56986301  1.98904858  0.14520548  6.31780822  6.7369863
 29.86609776  2.94520548  6.66027397  4.74246575  0.43835616  6.82191781]",[ 0.06839876 -0.04224878 29.63854134 -0.5101106 ],87.65625
4,Diff_evo,-1.111848828586626,Test,190104,38.60014679028991,0.03437478160744637,9.0,-0.07108120904937842,0.34402947316626886,2.0709672133863206,0.0019543336917233847,"[ 2.69589041  6.9890411   2.8630137   4.99451306  4.48493151  4.56986301
  1.90434913  4.65479452  4.32054795  2.61369863  4.40273973  2.77808219
  1.73768246  6.40821918  0.49863014  0.99451306  1.8278464   6.0739726
  9.11473164  9.6119994   0.47671233  4.90410959  4.82191781 29.61746388
 29.12292836  6.56986301  1.98904858  0.14520548  6.31780822  6.7369863
 29.86609776  2.94520548  6.66027397  4.74246575  0.43835616  6.82191781]",[ 0.06839876 -0.04224878 29.63854134 -0.5101106 ],87.65625
5,Diff_evo,-0.7406662967431276,Combined,190104,141.1502771342496,0.15820297987607,45.0,-0.008850569645120654,0.05060451661588161,1.771065449159219,0.0018749991400061434,"[ 2.69589041  6.9890411   2.8630137   4.99451306  4.48493151  4.56986301
  1.90434913  4.65479452  4.32054795  2.61369863  4.40273973  2.77808219
  1.73768246  6.40821918  0.49863014  0.99451306  1.8278464   6.0739726
  9.11473164  9.6119994   0.47671233  4.90410959  4.82191781 29.61746388
 29.12292836  6.56986301  1.98904858  0.14520548  6.31780822  6.7369863
 29.86609776  2.94520548  6.66027397  4.74246575  0.43835616  6.82191781]",[ 0.06839876 -0.04224878 29.63854134 -0.5101106 ],87.65625
6,COBYLA,-0.3036092010138367,Train,190104,113.71388617794076,0.16933129379669531,36.0,-0.23497987083975214,-0.5970918431543264,1.7772785545598513,0.00216878930509817,"[ 2.69589041  6.9890411   2.8630137   4.99451306  4.48493151  4.56986301
  1.90434913  4.65479452  4.32054795  2.61369863  4.40273973  2.77808219
  1.73768246  6.40821918  0.49863014  0.99451306  1.8278464   6.0739726
  9.11473164  9.6119994   0.47671233  4.90410959  4.82191781 29.61746388
 29.12292836  6.56986301  1.98904858  0.14520548  6.31780822  6.7369863
 29.86609776  2.94520548  6.66027397  4.74246575  0.43835616  6.82191781]",[ 9.63295698e-03  1.34457156e-02  1.47392533e+01 -4.69139278e-01],2.359375
7,COBYLA,-0.9641818127426581,Test,190104,42.29870366204486,0.03050047147664382,9.0,-0.32283024884772016,-0.29138825064477336,2.1679151188294776,0.0018409077313061202,"[ 2.69589041  6.9890411   2.8630137   4.99451306  4.48493151  4.56986301
  1.90434913  4.65479452  4.32054795  2.61369863  4.40273973  2.77808219
  1.73768246  6.40821918  0.49863014  0.99451306  1.8278464   6.0739726
  9.11473164  9.6119994   0.47671233  4.90410959  4.82191781 29.61746388
 29.12292836  6.56986301  1.98904858  0.14520548  6.31780822  6.7369863
 29.86609776  2.94520548  6.66027397  4.74246575  0.43835616  6.82191781]",[ 9.63295698e-03  1.34457156e-02  1.47392533e+01 -4.69139278e-01],2.359375
8,COBYLA,-0.43572372335960097,Combined,190104,156.01258983998565,0.19983176527333915,45.0,-0.2774285968845023,-0.6268528018708897,1.8619738024173622,0.002107298245375602,"[ 2.69589041  6.9890411   2.8630137   4.99451306  4.48493151  4.56986301
  1.90434913  4.65479452  4.32054795  2.61369863  4.40273973  2.77808219
  1.73768246  6.40821918  0.49863014  0.99451306  1.8278464   6.0739726
  9.11473164  9.6119994   0.47671233  4.90410959  4.82191781 29.61746388
 29.12292836  6.56986301  1.98904858  0.14520548  6.31780822  6.7369863
 29.86609776  2.94520548  6.66027397  4.74246575  0.43835616  6.82191781]",[ 9.63295698e-03  1.34457156e-02  1.47392533e+01 -4.69139278e-01],2.359375
9,Dual_annealing,-0.006674987196972558,Train,190104,5.865027615751685,0.05902726637751057,36.0,0.9344066300974471,0.4257342656031978,0.4036303182008013,0.0012804867388084042,"[ 2.69589041  6.9890411   2.8630137   4.99451306  4.48493151  4.56986301
  1.90434913  4.65479452  4.32054795  2.61369863  4.40273973  2.77808219
  1.73768246  6.40821918  0.49863014  0.99451306  1.8278464   6.0739726
  9.11473164  9.6119994   0.47671233  4.90410959  4.82191781 29.61746388
 29.12292836  6.56986301  1.98904858  0.14520548  6.31780822  6.7369863
 29.86609776  2.94520548  6.66027397  4.74246575  0.43835616  6.82191781]",[ 6.04722290e-02 -3.43034340e-02  3.49999993e+01 -5.09402909e-01],4.734375
10,Dual_annealing,-0.1667257239239398,Test,190104,0.9446645892401546,0.008359401231814993,9.0,0.9729254966549629,0.776057782637096,0.3239795242570045,0.0009637543043175242,"[ 2.69589041  6.9890411   2.8630137   4.99451306  4.48493151  4.56986301
  1.90434913  4.65479452  4.32054795  2.61369863  4.40273973  2.77808219
  1.73768246  6.40821918  0.49863014  0.99451306  1.8278464   6.0739726
  9.11473164  9.6119994   0.47671233  4.90410959  4.82191781 29.61746388
 29.12292836  6.56986301  1.98904858  0.14520548  6.31780822  6.7369863
 29.86609776  2.94520548  6.66027397  4.74246575  0.43835616  6.82191781]",[ 6.04722290e-02 -3.43034340e-02  3.49999993e+01 -5.09402909e-01],4.734375
11,Dual_annealing,-0.03868513454236601,Combined,190104,6.80969220499184,0.06738666760932556,45.0,0.9415954419812624,0.4755759925550872,0.3890070609182603,0.0012237162671262715,"[ 2.69589041  6.9890411   2.8630137   4.99451306  4.48493151  4.56986301
  1.90434913  4.65479452  4.32054795  2.61369863  4.40273973  2.77808219
  1.73768246  6.40821918  0.49863014  0.99451306  1.8278464   6.0739726
  9.11473164  9.6119994   0.47671233  4.90410959  4.82191781 29.61746388
 29.12292836  6.56986301  1.98904858  0.14520548  6.31780822  6.7369863
 29.86609776  2.94520548  6.66027397  4.74246575  0.43835616  6.82191781]",[ 6.04722290e-02 -3.43034340e-02  3.49999993e+01 -5.09402909e-01],4.734375
12,L-BFGS-B,-0.006913807774986698,Train,190104,4.599927018986449,0.07803777666138223,36.0,0.9485604555895539,0.2534109856799931,0.3574573408497878,0.0014723165482910692,"[ 2.69589041  6.9890411   2.8630137   4.99451306  4.48493151  4.56986301
  1.90434913  4.65479452  4.32054795  2.61369863  4.40273973  2.77808219
  1.73768246  6.40821918  0.49863014  0.99451306  1.8278464   6.0739726
  9.11473164  9.6119994   0.47671233  4.90410959  4.82191781 29.61746388
 29.12292836  6.56986301  1.98904858  0.14520548  6.31780822  6.7369863
 29.86609776  2.94520548  6.66027397  4.74246575  0.43835616  6.82191781]",[ 6.14730070e-04  2.71385339e-02  9.66575627e+00 -4.70677737e-01],2.984375
13,L-BFGS-B,-0.2603777891677718,Test,190104,1.3684308706907875,0.0181669267002656,9.0,0.9704392695685171,0.4915448050043416,0.38993316673655576,0.0014207559294757922,"[ 2.69589041  6.9890411   2.8630137   4.99451306  4.48493151  4.56986301
  1.90434913  4.65479452  4.32054795  2.61369863  4.40273973  2.77808219
  1.73768246  6.40821918  0.49863014  0.99451306  1.8278464   6.0739726
  9.11473164  9.6119994   0.47671233  4.90410959  4.82191781 29.61746388
 29.12292836  6.56986301  1.98904858  0.14520548  6.31780822  6.7369863
 29.86609776  2.94520548  6.66027397  4.74246575  0.43835616  6.82191781]",[ 6.14730070e-04  2.71385339e-02  9.66575627e+00 -4.70677737e-01],2.984375
14,L-BFGS-B,-0.05760660405354372,Combined,190104,5.968357889677238,0.09620470336164783,45.0,0.9495935903639253,0.2728658055981209,0.3641842601296229,0.0014621498886658326,"[ 2.69589041  6.9890411   2.8630137   4.99451306  4.48493151  4.56986301
  1.90434913  4.65479452  4.32054795  2.61369863  4.40273973  2.77808219
  1.73768246  6.40821918  0.49863014  0.99451306  1.8278464   6.0739726
  9.11473164  9.6119994   0.47671233  4.90410959  4.82191781 29.61746388
 29.12292836  6.56986301  1.98904858  0.14520548  6.31780822  6.7369863
 29.86609776  2.94520548  6.66027397  4.74246575  0.43835616  6.82191781]",[ 6.14730070e-04  2.71385339e-02  9.66575627e+00 -4.70677737e-01],2.984375
15,Nelder-Mead,-0.005500565281730572,Train,190111,6.2722533148513255,0.07857318651483843,36.0,0.8524056050720568,0.16270832268488555,0.4174077847212126,0.0014773586275177292,"[ 6.3890411   6.29863014  6.80273973  6.21643836  1.80866831  1.88517105
  4.55068493  1.9698705   2.67671233  0.89863014  0.47945205  0.97533498
  4.46575342  3.01917808  4.72328767  4.38356164  2.9260274   9.59282132
  1.71850438  2.84383562  9.09555356  6.13150685  0.45753425  2.59452055
  2.75890411  4.30136986 29.10375028  4.97533498  6.96986301  6.55068493
  9.3414552   6.46575342  6.64109589  6.88767123  0.14520548  0.49589041]",[ 0.15152743 -0.12446212 46.95488877 -0.56164788],3.625
16,Nelder-Mead,-0.27639986237103076,Test,190111,3.1823325534364453,0.019216863494674444,10.0,0.9459865193680124,0.7224285319360723,0.564121667146055,0.0013862490214486879,"[ 6.3890411   6.29863014  6.80273973  6.21643836  1.80866831  1.88517105
  4.55068493  1.9698705   2.67671233  0.89863014  0.47945205  0.97533498
  4.46575342  3.01917808  4.72328767  4.38356164  2.9260274   9.59282132
  1.71850438  2.84383562  9.09555356  6.13150685  0.45753425  2.59452055
  2.75890411  4.30136986 29.10375028  4.97533498  6.96986301  6.55068493
  9.3414552   6.46575342  6.64109589  6.88767123  0.14520548  0.49589041]",[ 0.15152743 -0.12446212 46.95488877 -0.56164788],3.625
17,Nelder-Mead,-0.06439171682288278,Combined,190111,9.454585868287774,0.0977900500095129,46.0,0.9068914460743439,0.34982998462873194,0.45335910203453544,0.001458036574431765,"[ 6.3890411   6.29863014  6.80273973  6.21643836  1.80866831  1.88517105
  4.55068493  1.9698705   2.67671233  0.89863014  0.47945205  0.97533498
  4.46575342  3.01917808  4.72328767  4.38356164  2.9260274   9.59282132
  1.71850438  2.84383562  9.09555356  6.13150685  0.45753425  2.59452055
  2.75890411  4.30136986 29.10375028  4.97533498  6.96986301  6.55068493
  9.3414552   6.46575342  6.64109589  6.88767123  0.14520548  0.49589041]",[ 0.15152743 -0.12446212 46.95488877 -0.56164788],3.625
18,Diff_evo,0.2554949781940263,Train,190111,43.93087087635472,0.34579806771775873,36.0,0.02137722958081756,-2.610858203421256,1.1046727881086014,0.003099274412027572,"[ 6.3890411   6.29863014  6.80273973  6.21643836  1.80866831  1.88517105
  4.55068493  1.9698705   2.67671233  0.89863014  0.47945205  0.97533498
  4.46575342  3.01917808  4.72328767  4.38356164  2.9260274   9.59282132
  1.71850438  2.84383562  9.09555356  6.13150685  0.45753425  2.59452055
  2.75890411  4.30136986 29.10375028  4.97533498  6.96986301  6.55068493
  9.3414552   6.46575342  6.64109589  6.88767123  0.14520548  0.49589041]",[ 0.35415598 -0.32247054 33.44865766 -0.70562925],57.546875
19,Diff_evo,-0.699379816261164,Test,190111,55.72428807121904,0.16151339688946834,10.0,-0.13534016880665467,-2.1195959669808535,2.360599247462793,0.004018872937646428,"[ 6.3890411   6.29863014  6.80273973  6.21643836  1.80866831  1.88517105
  4.55068493  1.9698705   2.67671233  0.89863014  0.47945205  0.97533498
  4.46575342  3.01917808  4.72328767  4.38356164  2.9260274   9.59282132
  1.71850438  2.84383562  9.09555356  6.13150685  0.45753425  2.59452055
  2.75890411  4.30136986 29.10375028  4.97533498  6.96986301  6.55068493
  9.3414552   6.46575342  6.64109589  6.88767123  0.14520548  0.49589041]",[ 0.35415598 -0.32247054 33.44865766 -0.70562925],57.546875
20,Diff_evo,0.04791350113855014,Combined,190111,99.65515894757375,0.507311464607227,46.0,-0.0005460874842200258,-2.3626806568091037,1.4718751641563557,0.003320920068317982,"[ 6.3890411   6.29863014  6.80273973  6.21643836  1.80866831  1.88517105
  4.55068493  1.9698705   2.67671233  0.89863014  0.47945205  0.97533498
  4.46575342  3.01917808  4.72328767  4.38356164  2.9260274   9.59282132
  1.71850438  2.84383562  9.09555356  6.13150685  0.45753425  2.59452055
  2.75890411  4.30136986 29.10375028  4.97533498  6.96986301  6.55068493
  9.3414552   6.46575342  6.64109589  6.88767123  0.14520548  0.49589041]",[ 0.35415598 -0.32247054 33.44865766 -0.70562925],57.546875
21,COBYLA,-0.06940451052979195,Train,190111,20.19525925097477,0.11342324463503003,36.0,0.5287776780476253,-0.21878868205224955,0.7489855964157042,0.0017750058265556172,"[ 6.3890411   6.29863014  6.80273973  6.21643836  1.80866831  1.88517105
  4.55068493  1.9698705   2.67671233  0.89863014  0.47945205  0.97533498
  4.46575342  3.01917808  4.72328767  4.38356164  2.9260274   9.59282132
  1.71850438  2.84383562  9.09555356  6.13150685  0.45753425  2.59452055
  2.75890411  4.30136986 29.10375028  4.97533498  6.96986301  6.55068493
  9.3414552   6.46575342  6.64109589  6.88767123  0.14520548  0.49589041]",[ 3.06472851e-04  2.55721599e-02  8.63779137e+00 -4.64850190e-01],18.734375
22,COBYLA,-1.1863470193202559,Test,190111,42.65436027909238,0.0236321562181089,10.0,0.3616699053313579,0.6563031795992924,2.065293206280706,0.0015372753890604278,"[ 6.3890411   6.29863014  6.80273973  6.21643836  1.80866831  1.88517105
  4.55068493  1.9698705   2.67671233  0.89863014  0.47945205  0.97533498
  4.46575342  3.01917808  4.72328767  4.38356164  2.9260274   9.59282132
  1.71850438  2.84383562  9.09555356  6.13150685  0.45753425  2.59452055
  2.75890411  4.30136986 29.10375028  4.97533498  6.96986301  6.55068493
  9.3414552   6.46575342  6.64109589  6.88767123  0.14520548  0.49589041]",[ 3.06472851e-04  2.55721599e-02  8.63779137e+00 -4.64850190e-01],18.734375
23,COBYLA,-0.3122180993972841,Combined,190111,62.84961953006716,0.13705540085313894,46.0,0.413383567855077,0.02012397596543447,1.1688866825918545,0.0017261127529619273,"[ 6.3890411   6.29863014  6.80273973  6.21643836  1.80866831  1.88517105
  4.55068493  1.9698705   2.67671233  0.89863014  0.47945205  0.97533498
  4.46575342  3.01917808  4.72328767  4.38356164  2.9260274   9.59282132
  1.71850438  2.84383562  9.09555356  6.13150685  0.45753425  2.59452055
  2.75890411  4.30136986 29.10375028  4.97533498  6.96986301  6.55068493
  9.3414552   6.46575342  6.64109589  6.88767123  0.14520548  0.49589041]",[ 3.06472851e-04  2.55721599e-02  8.63779137e+00 -4.64850190e-01],18.734375
24,Dual_annealing,-0.005298010736889107,Train,190111,6.220897880963666,0.0792087908129692,36.0,0.8536124228305668,0.1565749898149722,0.41569546415093034,0.00148332201131418,"[ 6.3890411   6.29863014  6.80273973  6.21643836  1.80866831  1.88517105
  4.55068493  1.9698705   2.67671233  0.89863014  0.47945205  0.97533498
  4.46575342  3.01917808  4.72328767  4.38356164  2.9260274   9.59282132
  1.71850438  2.84383562  9.09555356  6.13150685  0.45753425  2.59452055
  2.75890411  4.30136986 29.10375028  4.97533498  6.96986301  6.55068493
  9.3414552   6.46575342  6.64109589  6.88767123  0.14520548  0.49589041]",[ 0.08114931 -0.05403625 32.33227458 -0.52342741],3.96875
25,Dual_annealing,-0.27322346739225056,Test,190111,3.132700931596178,0.01905888505801883,10.0,0.9467051036170455,0.7221633386768619,0.5597053628112006,0.001380539208353708,"[ 6.3890411   6.29863014  6.80273973  6.21643836  1.80866831  1.88517105
  4.55068493  1.9698705   2.67671233  0.89863014  0.47945205  0.97533498
  4.46575342  3.01917808  4.72328767  4.38356164  2.9260274   9.59282132
  1.71850438  2.84383562  9.09555356  6.13150685  0.45753425  2.59452055
  2.75890411  4.30136986 29.10375028  4.97533498  6.96986301  6.55068493
  9.3414552   6.46575342  6.64109589  6.88767123  0.14520548  0.49589041]",[ 0.08114931 -0.05403625 32.33227458 -0.52342741],3.96875
26,Dual_annealing,-0.06354267522718507,Combined,190111,9.353598812559843,0.09826767587098802,46.0,0.9078562206416807,0.3466873131346667,0.4509313746246386,0.0014615929061412237,"[ 6.3890411   6.29863014  6.80273973  6.21643836  1.80866831  1.88517105
  4.55068493  1.9698705   2.67671233  0.89863014  0.47945205  0.97533498
  4.46575342  3.01917808  4.72328767  4.38356164  2.9260274   9.59282132
  1.71850438  2.84383562  9.09555356  6.13150685  0.45753425  2.59452055
  2.75890411  4.30136986 29.10375028  4.97533498  6.96986301  6.55068493
  9.3414552   6.46575342  6.64109589  6.88767123  0.14520548  0.49589041]",[ 0.08114931 -0.05403625 32.33227458 -0.52342741],3.96875
27,L-BFGS-B,0.026370558142408147,Train,190111,30.118663751459305,0.08117727343511755,36.0,0.2917342111925436,0.10897616428887469,0.9146745588741645,0.00150164052358965,"[ 6.3890411   6.29863014  6.80273973  6.21643836  1.80866831  1.88517105
  4.55068493  1.9698705   2.67671233  0.89863014  0.47945205  0.97533498
  4.46575342  3.01917808  4.72328767  4.38356164  2.9260274   9.59282132
  1.71850438  2.84383562  9.09555356  6.13150685  0.45753425  2.59452055
  2.75890411  4.30136986 29.10375028  4.97533498  6.96986301  6.55068493
  9.3414552   6.46575342  6.64109589  6.88767123  0.14520548  0.49589041]",[ 0.02889999  0.97517854  0.02289845 -1.00787587],4.1875
28,L-BFGS-B,1.1002456078265013,Test,190111,54.103771341900014,0.014984659951396683,10.0,0.06197815119426553,0.6655595437257168,2.3260217398360665,0.0012241184563348713,"[ 6.3890411   6.29863014  6.80273973  6.21643836  1.80866831  1.88517105
  4.55068493  1.9698705   2.67671233  0.89863014  0.47945205  0.97533498
  4.46575342  3.01917808  4.72328767  4.38356164  2.9260274   9.59282132
  1.71850438  2.84383562  9.09555356  6.13150685  0.45753425  2.59452055
  2.75890411  4.30136986 29.10375028  4.97533498  6.96986301  6.55068493
  9.3414552   6.46575342  6.64109589  6.88767123  0.14520548  0.49589041]",[ 0.02889999  0.97517854  0.02289845 -1.00787587],4.1875
29,L-BFGS-B,0.2598216558998197,Combined,190111,84.22243509335932,0.09616193338651424,46.0,0.1847136296701214,0.312528416607486,1.3531158494488011,0.0014458481292135457,"[ 6.3890411   6.29863014  6.80273973  6.21643836  1.80866831  1.88517105
  4.55068493  1.9698705   2.67671233  0.89863014  0.47945205  0.97533498
  4.46575342  3.01917808  4.72328767  4.38356164  2.9260274   9.59282132
  1.71850438  2.84383562  9.09555356  6.13150685  0.45753425  2.59452055
  2.75890411  4.30136986 29.10375028  4.97533498  6.96986301  6.55068493
  9.3414552   6.46575342  6.64109589  6.88767123  0.14520548  0.49589041]",[ 0.02889999  0.97517854  0.02289845 -1.00787587],4.1875
